{"config_name": "longonly_binance_solusdt_273days",
 "logging_level": 0,
 "long": {"enabled": true,
          "eprice_exp_base": 1.618034,
          "eprice_pprice_diff": 0.00861556304830867,
          "grid_span": 0.08844841004024066,
          "initial_qty_pct": 0.004481429367705374,
          "markup_range": 0.00973332292716841,
          "max_n_entry_orders": 10,
          "min_markup": 0.007980403218380724,
          "n_close_orders": 8.747070300208655,
          "pbr_limit": 0.9715511527222825,
          "secondary_grid_spacing": 0.08191843597030335,
          "secondary_pbr_allocation": 0.5792437650866382},
 "shrt": {"enabled": false,
          "eprice_exp_base": 1.618034,
          "eprice_pprice_diff": 0.001,
          "grid_span": 0.03,
          "initial_qty_pct": 0.001,
          "markup_range": 0.004,
          "max_n_entry_orders": 10,
          "min_markup": 0.0005,
          "n_close_orders": 7,
          "pbr_limit": 0.5,
          "secondary_grid_spacing": 0.21,
          "secondary_pbr_allocation": 0}}